35
00000000110001010001101110110100100
00001011100100100001000100000000111
00010001001000011001110000000000100
00100001110001001000000000010101011
01000010000000000000000000100011001
00000010001110000000000101000000111
01001100010010000000001000111001011
01110000001100001010010000001000000
11010000000001000100000001001001011
10010010000010101000000010000001101
00100101000000011001100010010010000
01000101000001000000000001000000100
00000110010000011001010000101101010
10010000100100000001001010000000000
01000000010000001010000000010100101
10100000001010000000000000010000011
00110001011010100000000000000010011
00000000100000000000000100001001011
00000001000000100000000000001100000
11100000001011000000010000001100011
10100000001000000000000000000010000
00100001000010000001000000010010010
10000010000001000000000000010100110
11000100000000000100000001000000000
10000000011001000000000000010100010
00000100100100000000000100001100001
10001010000010000000000000001000000
10010010001000110000011010000000000
00000011100010000111000001100010010
10010000000010100011001011000001011
00001000001000001000110000001001110
00011010110010000100000000000110001
11100100010100100000001000000010000
01010110100010011101011010001110000
01011110110000111101000001000101000
