60
000101101111001101001011000001000011011101011111000100111110
000000000111010101000100000001101100101001001010100010011011
000000000101000010000010010000100001010001010010111010000001
100011000010000100110010111101011000101011001110101001111010
000100000101101011100000101100110100101111001001000100111101
100100000110000011001100100010001101100101101000110101001110
100000010000000101000010110011011001000001100110010101111000
000000100010001011000001010001100101100100001101100011100101
100000000110011000100110101100111001011000110011110000100111
111011001010100011100010001110000000111111001010100010100000
110101011100101000001100000100011110011010111110000111000110
111010000000010001000010000010011111110100101011001001001101
000010000110001111110010000000000111001000111010000111100101
010000001001001111000010000101011110010101110101000000110110
100010011010110110001011100010111000011001011101110011111011
110100100000111011000101101101010000100001010101001010100010
001011010100111100011111000001100111111001110100101101010100
110011110101110100001111101101111001010110011001111101011110
000110001100100000000111100001101100010000011000100110001101
000100000000100010000101010001000100100111100110000000010010
100001000010001011000110001000001101111001001011011111000001
010001001010000111111010001101101000101101011111100000101100
101100101101111011101101111001011101010110010000001101100010
100000010000001111110010000110000100100000111111110100101101
000111101000001101100010000010010011010010010000100100011111
001100110000000000010010001000110011000011010101001010010110
000110001100000101001110010010111111000111110000111110010000
000110001110010101000101000010101001011001010111011101001001
000001100101001000000001101100000100011100011000000110111011
110100110000010111110110000000000100011111101011010000100111
011010011000001011100100011100000111100001101001010101101101
000110101011011101000010111000001001011000010100000100111101
010101101011011001101110001100010111111011100100111001000111
010011010011110010111011001011101010000001100111110101101010
100000000011110010000000111000101101111001011000010111111000
101001111001100011001010111100111010111001011100000010111001
010111010101000110011101000000101011001101001011010001110101
101000001111011011101010100111011011001111101011001111101111
110110001110101010001100000111011011110000001101000110111011
100011010101010001010110001011000000110010000010100110101010
000110000110000001010010111001001000010100001001111111001000
111111100100011110011100011101101111110000101010101110110111
000001101011110010010001001001101100010001011110100100001111
101000001010111111100111111110010011000000100111010111000001
110111010111101001101101000011100011111011100110110101111000
100100110010011110010101010100011101001000111011001011111001
111100101111100000011101000101000100110101111100000100101011
100010011001011101001101010101100100111010010100110101010011
011101011100001011100101101000001100000111101001001110100000
001001101000001001001001001101101110100010011001000001010000
001100000001000111001010011100001000010011000100100011000110
100011100010100011101011101110110110011111111011100010111110
011000010110101100101000011010000011011111010100101101001101
000101110011101011001010000100101110110010011101011010011101
100110111100111100000111000011110111111101001110100100011110
110110100000011011010000111010010011101001001101010101100101
110111100001001001100101100110110111011110101110000111100000
100011011011110011100101110001111000110001100000001111110000
110101001010011101010010110011001100011101100011001100100001
011010011001101000101001100111111001111001110111000011010010